[collection.JPG]
filters=finetune2=1,0.122807,0.157193,0.000000,00000000,0.000000;dir_tint=1,0.660000,1.050000,0.250000,0.250000,ffffffff,0;
moddate=803fd3d349d9ce01
width=100
height=180
textactive=0
[vision_plastics.JPG]
filters=retouch=1;
moddate=2d45d97b55d9ce01
width=380
height=300
textactive=0
[vision_plastics.1.jpg]
filters=retouch=1;retouch=1;
moddate=07fcb18655d9ce01
width=380
height=300
textactive=0
